1.006955550056718884e+00 2.252420000000000000e+05
1.078480431694451624e+00 1.971780000000000000e+05
1.155085784553584016e+00 1.711280000000000000e+05
1.237132478687172688e+00 1.498100000000000000e+05
1.325007017045207292e+00 1.303940000000000000e+05
1.419123356200382657e+00 1.139320000000000000e+05
1.519924856401515978e+00 9.926000000000000000e+04
1.627886370140869232e+00 8.671200000000000000e+04
1.743516479074124215e+00 7.560600000000000000e+04
1.867359889830626285e+00 6.604700000000000000e+04
